type,percentage,total
Website,26.6,0
Social Media,18.5,26.6
Email,18,45.1
Phone,15.2,63.1
Internet Messaging,5.7,78.3
Online Classifieds,4.7,84
Text Messgae,3.6,88.7
In Person,3.3,92.3
Other,3.1,95.6
Postal Mail,1.3,98.7