type,percentage,number,total
Email,41.61,4592,0
Phone,29.79,3287,41.61
Internet,9.28,1024,71.4
Text Message,9.14,1009,80.68
Social Networking,3.55,392,89.82
Mail,3.43,378,93.37
In Person,1.48,163,96.8
Mobile Application,1.12,124,98.28
Other ,0.6,66,99.4